37.790927, -122.477368
37.790927, -122.477368
37.790927, -122.477368
37.790927, -122.477368
37.791337, -122.477459
37.791337, -122.477459
37.791337, -122.477459
37.791337, -122.477459
37.791337, -122.477459
37.791337, -122.477459
37.791337, -122.477459
37.791274, -122.477770
37.791274, -122.477770
37.791274, -122.477770
37.791274, -122.477770
37.791274, -122.477770
37.791274, -122.477770
37.791274, -122.477770
37.791359, -122.477427
37.791359, -122.477427
37.791359, -122.477427
37.791359, -122.477427
37.791640, -122.477222
37.791640, -122.477222
37.791640, -122.477222
37.791640, -122.477222
37.791504, -122.477238
37.791504, -122.477238
37.791504, -122.477238
37.791504, -122.477238
37.791504, -122.477238