37.788459, -122.387994
37.788459, -122.387994
37.788459, -122.387994
37.788459, -122.387994
37.788459, -122.387994
37.788459, -122.387994
37.788295, -122.387792
37.788295, -122.387792
37.788295, -122.387792
37.788295, -122.387792
37.789397, -122.388242
37.789397, -122.388242
37.789397, -122.388242
37.789397, -122.388242
37.788645, -122.387552
37.788645, -122.387552
37.788645, -122.387552
37.788645, -122.387552
37.788645, -122.387552
37.788645, -122.387552
37.788356, -122.387852
37.788356, -122.387852
37.788356, -122.387852
37.788356, -122.387852
37.788356, -122.387852
37.788356, -122.387852